Family	MDW	SCQ	WFS	PL	XHBW	SSG	XXZ	DK	LMW	ZGE	BC	FJC	TGDQ	LK	LJ	KL	HHK	HHKSD	TYQ	HL	KSH	WHBJ	SWD	BMS	LNCS	QLP	WSQS	MD	SCQ	WFS	PL	XHBW	SSG	XXZ	DK	LMW	ZGE	BC	FJC	TGDQ	LK	LJ	KL	HHK	HHKSD	TYQ	HL	KSH	WHBJ	SWD	BMS	LNCS	QLP	WSQS	MDS	SCQ	WFS	PL	XHBW	SSG	XXZ	DK	LMW	ZGE	BC	FJC	TGDQ	LK	LJ	KL	HHK	HHKSD	TYQ	HL	KSH	WHBJ	SWD	BMS	LNCS	QLP	WSQS
Ackermannviridae	9.286632214	7.52808177	6.167638801	7.472826316	7.763695299	7.552218537	5.513550568	6.146272153	6.286592415	11.70360792	10.29413042	12.82352962	10.99674945	9.523713037	9.248087244	9.403494555	9.499085943	8.790861633	8.917914096	12.36715962	5.294295633	9.259792572	9.361043133	11.09606574	13.87303439	10.20564125	6.431198833	9.924666768	0	0	7.527854082	2.322104541	1.227673623	0	2.077859712	2.264419165	8.755379005	0.739913629	0	10.54552527	10.22903364	5.682989169	6.27046285	9.550309524	6.196031711	5.567778709	8.439845089	7.246443003	8.606107671	9.192021295	8.552553112	2.123578002	10.10546368	7.393235345	0	0	0	0	0	0	0	2.556562929	1.58769999	0	0	0	3.492886684	5.415139465	5.05078661	4.804068759	5.296924931	4.862456979	0	0	0	0	0.526625858	0	0	0	0.464011543
Autographiviridae	13.35746181	11.71685819	10.85653244	11.09182706	11.19456988	11.22147568	10.82821576	9.879889864	10.35578878	13.73406804	11.79063199	14.19185217	13.79118908	12.90265904	12.57517426	12.77092146	12.98520178	12.09263557	11.79386812	10.70761793	10.59610723	15.32173754	16.42087245	14.83221137	14.05578113	13.65143769	9.624875869	14.22229486	8.065985841	6.906568744	10.5320517	9.74559616	11.27096764	10.13690551	10.36328703	10.65077481	12.2349139	9.154101088	14.93834636	11.9887456	13.98310863	11.07466493	11.02092966	12.7974937	11.60387283	9.344023893	11.22447244	8.660834163	12.99253859	16.53750465	12.17748729	11.36404317	11.42471153	12.62810981	6.043459871	0	0	1.478356858	0.650213139	0	0	0	0	0	0	0	0	8.054191607	7.811449437	8.451615595	9.49983032	9.026785239	0	10.59221376	0	0	0	0	0	8.656609993	7.386830554
Casjensviridae	0	0	0	0.22190188	2.498092974	3.464766877	3.706231435	2.855667386	3.787757124	3.142425531	3.854787665	3.105696975	5.018849295	1.998605142	2.894990981	2.91863354	3.124445026	2.107698531	0	0	5.082396595	0	5.318113955	8.183050321	7.911277494	3.490447244	3.005665962	0	0	0	0	3.907114958	4.292043596	1.63842684	4.838295022	4.917402307	3.729523774	0.276103243	5.47041041	5.773738689	4.204995815	0	0	4.373106585	0	0	0	4.472296453	1.01418189	8.44028877	9.181459593	2.869631789	0.423625113	4.829763331	0	0	0	0	0	0	0	0	0	0	0	0	0	0	0	0	0	0	0	0	0	0	0	0	0	0	0
Chaseviridae	0	0	0	0	0	0	0	0	0	0	0	0	0	0	0	0	0	0	0	0	0	0	0	0	0	0	0	0	0	0	0	0	0	0	0	0	0	0	0	3.728426976	0	0	0	0	0	0	0	0	7.586203718	6.547060718	0.136973354	0	0	4.61345895	0	0	0	0	0	0	0	0	0	0	0	0	0	0	0	0	0	0	0	0	0	0	0	0	0	0	0
Demerecviridae	8.174873982	11.92562092	10.17096144	11.06963019	10.91516485	10.8970209	8.599588832	9.427969796	10.54904259	11.7818926	9.302585811	13.76641198	13.48212468	12.68637652	12.91854508	12.77457782	13.45189512	11.95452226	12.09252596	11.70171516	11.88370721	9.996494338	12.39429869	12.93264863	13.42147444	11.25160477	9.021169272	7.447498254	4.857800011	1.029028176	3.310793156	4.143304622	3.136509069	2.359338601	3.825559091	5.09549607	4.131193197	5.508646125	10.57387903	14.10360914	6.691329724	6.231554696	7.250258881	5.610075649	7.613897241	8.243134757	10.45780577	4.586455645	7.870611773	15.32337203	10.68511685	2.281051424	5.15610756	11.60193691	8.509882419	0	0	1.707023378	4.758202388	1.291184835	8.126494806	7.003704055	7.663357153	0	0	0	0	8.85515878	8.786644865	9.140838945	9.214638003	9.797427802	0	11.08441054	7.221103107	0	1.278841569	0	0	0	4.590087684
Drexlerviridae	2.094660656	5.616792074	6.511469319	7.745441281	8.524260432	8.870393876	8.326085671	8.956402633	8.483008444	6.165524614	10.05996245	10.19596134	10.22816639	7.427304134	7.78161457	7.428295117	7.591364557	6.703918702	1.792187347	8.346570156	8.95443671	8.966386964	10.93186558	12.27577269	12.92717772	10.90623215	8.492930535	8.421163896	7.236497	5.716468252	0	0.411955205	1.873513222	0.244855972	1.267914957	0.653503757	0	9.864803427	1.65685996	7.311010153	1.598903258	0	0	0	0	5.785911416	3.383388736	7.269900486	8.669339167	2.390348532	9.656173118	0.580454046	7.921662868	8.984202221	0	0	0	0	0	0	0	0	0	7.580055547	0	0	0	0	0	0	0	0	0	9.426915096	0	0	0.277059778	0	0	0	0
Duneviridae	0	1.013349122	0.463113923	0.043374768	0	0	0.294560681	0	0.147225909	0	6.445014571	0	0	0	0	0	0	0	1.873649811	2.49679326	4.961948695	0	0	0	1.05318629	0	0	0	0	0	0	0	0	0	0	0	0	0	0	0	0	0	0	0	0	0	0	0	0	0	0	0	0	0	0	0	0	0	0	0	0	0	0	0	0	0	0	0	0	0	0	0	0	0	0	0	0	0	0	0	0
Hafunaviridae	0	0	0	0	0	0	0.226741286	0.520563078	0.521095006	0	0.598778892	0	0.794506852	0.751294139	0	0	0	0	0	0	0	2.758250354	0	5.529286243	6.191440746	0	0.269305506	0	0	0	0	0	0	0	0	0	0	0	0	0	0	0	0	0	0	0	0	0	0	0	0	0	0	0	0	0.182393689	1.508787601	0	2.344585316	0.024499586	0.154982764	0	0.278440805	0	0	0	2.678503937	0	0	0	0	1.177425848	3.931406209	9.795766048	0	0	0	0.818373884	0	0	0
Herelleviridae	9.21075889	10.87921509	10.16718232	11.37731767	12.35942335	12.29108435	10.30724266	10.04920148	10.27730001	11.44925486	10.15543148	14.57141264	12.91111242	10.69740488	10.28484486	10.21898883	10.43103308	9.435489906	9.641573967	10.57145343	9.528094015	12.12387181	11.53028529	11.21973686	12.9262799	12.9962675	9.555861657	0	8.57858689	7.102190949	11.57226864	10.88252694	7.282950224	4.658934795	6.835664726	7.624068806	8.776690396	10.36963688	13.78937761	9.160268246	6.120055999	3.471007628	4.39533915	8.608105963	5.443770461	3.50960047	9.438218054	5.708803351	9.684579697	9.205609708	6.77355384	3.895647758	4.195591692	5.048353833	0.954139179	7.759918055	7.209745405	5.813590679	6.747141436	7.763112209	7.209415992	9.195586481	7.738091024	3.427672861	9.063469798	8.8624371	10.05644886	5.970115927	6.390079161	6.719176701	7.383511293	6.523314645	8.101953117	7.456461408	7.424975918	5.928469362	10.68361777	9.150115959	3.320702527	2.424640527	6.416245399
Kyanoviridae	16.85605305	15.16053073	13.83944302	14.40907271	14.49488831	14.65418308	13.38797372	12.99474955	12.8874006	13.97650907	9.839873376	10.67520316	14.93259305	13.15447263	12.91073184	12.92363728	13.3358545	12.10083493	11.66205886	10.97614507	11.38526332	15.26117936	16.40161347	14.70684934	11.24207853	14.54025571	12.67947404	14.77592157	13.40132537	12.78681199	15.81855536	14.85381097	13.98278654	10.76755579	12.7420714	12.89569622	14.65913596	10.93366247	9.944901585	14.37595448	14.27455431	8.612613922	9.908634403	12.97153154	10.01519969	15.02031457	11.20571487	10.98220254	15.02869021	18.19946563	13.55526163	10.03599485	12.18273717	12.45247161	11.02128133	5.614922911	5.273401448	4.253348582	5.121323374	2.664695355	4.668510428	4.057370655	3.480008781	1.439319452	8.309923421	7.763920083	5.541244675	6.3965425	5.639430703	6.104428141	7.818919119	6.668725548	5.020115978	8.479858744	5.145858247	1.566581176	5.530523202	3.437679946	0.034521174	0	6.741748772
Mesyanzhinovviridae	0	5.660412957	5.363129742	5.339878452	4.591233574	4.678832951	2.211414595	3.194861148	2.47821714	2.977404084	6.530922527	7.445476226	0.73628703	3.330523013	0.944301836	2.69974772	1.33943856	0	1.385815904	0	9.450609569	0	0	7.330711483	9.002716833	4.327781147	3.375937941	0	8.63479473	7.013116022	5.200769456	4.694495225	1.326551653	0	0	0.359263916	0	5.626199108	6.197071131	5.013830723	2.562147006	0	0	2.276076517	0.618969461	2.458122375	9.91343986	5.663903559	8.179540573	7.862434808	4.532162049	3.048907997	2.946201223	5.137405427	0	0	0	0	0	0	0	0	0	0	0	0	0	0	0	0	0	0	0	0	0	0	0	0	0	0	0
Schitoviridae	6.607132653	11.11353348	11.80571633	9.111764263	8.993206026	9.130749713	7.084103953	7.686902674	8.764812845	10.87261295	11.37050172	12.97737065	11.42649538	8.992592286	8.909986342	8.838772755	9.598661993	8.140302807	10.45061628	11.11628748	10.57710809	11.22952185	9.734008265	11.36877401	14.22531661	10.31682842	7.209501313	11.84180472	5.448864467	6.340673128	10.25824301	8.90043323	7.089238714	3.609934019	6.322748322	6.515222373	6.993505116	10.49711932	11.23120686	8.703929628	9.737481169	7.246393785	7.208434288	9.913660221	7.740162834	6.590641455	11.59966866	7.225601292	9.666809847	10.44877785	7.436770528	5.638250877	3.553553201	5.636421189	0	0	0	0	0	0	0	0	0	0	0	0	0	0	0	0	0	0	0	7.63090886	0	0	0	0	0	10.08601643	0
Steigviridae	0	0	0	0.4878794	0.431098158	0.090466486	0	0	0.926460416	0.473707525	6.812130135	0.802417271	0	0	0.138212854	0	0	0	0	7.175477929	0	0	0	0.416808727	10.30861962	0	0.832025483	0	0	0	0	0	0	0	0	0	0	0	0	0	0	0	0	0	0	0	0	0	0	0	0	0	0	0	0	0	0	0	0	0	0	0	0	0	0	0	0	0	0	0	0	0	0	0	0	0	0	0	0	0	0
Straboviridae	8.640199471	8.296672273	6.514611943	8.721243416	9.122398992	9.142544177	10.18443976	8.717060932	8.545536988	10.7024382	8.858928119	11.23490855	10.62061533	9.993052103	9.752933149	9.864074987	10.29759495	9.209646544	8.001623083	10.58625115	8.700594834	9.808236173	8.452097561	11.33156935	10.84950035	10.54102909	8.071184182	9.94066706	5.238258999	3.787475286	5.337236047	5.082746523	6.990311127	6.327037935	6.799474976	7.426693355	8.99763992	10.7730628	5.868611789	10.21063751	8.184260705	5.666729954	5.783514595	7.542862331	5.923702081	13.05655107	4.482909729	2.229707061	5.879243234	8.89806774	7.226817389	10.33657266	8.014999578	7.056098959	0	0	0	2.863079888	0	0	0	0	0	0	0	0	0	5.242250995	5.8211493	4.690715207	0	3.477854544	0	8.00696159	0	0	0	1.321244376	0	0	2.307048206
Vertoviridae	0	0	0	0.257982623	0	0	0.350035173	0.233036213	4.647231028	6.163325167	0	8.18212657	4.231702049	6.483317787	5.906581297	6.353261664	6.572102359	6.064682284	0	0	0	1.014267135	1.450073998	4.434675559	0	3.823957645	1.343209492	0	0	0	1.201974861	0	0.109282417	0	2.865544722	6.340912662	8.338326312	0	9.198399009	2.313229026	6.883760649	3.259890754	4.815952783	6.275824489	4.549407204	0	0	0	0	0	0	0	0	0	0	0	0	0	0	0	0	0	0	0	0	0	0	0	0	0	0	0	0	0	0	0	0	0	0	0	0
Vilmaviridae	7.782906779	3.388567122	2.113306645	3.298244719	2.49111726	2.518869556	0	0	0	0	0	7.574875183	7.471082324	3.015725814	2.038362042	2.335356539	2.627824853	2.851503977	0	0	0.881346206	1.264420324	6.282180215	6.830669125	0.024989214	8.659568907	0	3.333122079	1.070852619	0	5.618220461	5.804810725	6.615722285	6.342204056	5.451261096	6.092978713	4.75326695	0.346023964	2.416782207	2.719565312	6.121347729	4.993163126	5.027529908	6.275479591	4.82097074	1.280293523	0	0.450694599	1.128031673	4.407980792	0	0	0	2.457381953	0	0	0	0	0	0	0	0	0	0	0	0	0	0	0	0	0	0	0	0	0	0	0	0	0	0	0
Winoviridae	0	0	0	0	0	0	0	0	0	0	0	0	0.6225511	2.965701975	3.26282332	2.887190139	3.391135563	2.085196984	0	0	0	0	1.102432231	0	0	7.37573241	0	0	0	0	0	0	0	0	0	0	0	0	0	0	0	0	0	0	0	0	0	0	0	0	0	0	0	0	0	0	0	0	0	0	0	0	0	0	0	0	0	0	0	0	0	0	0	0	0	0	0	0	0	0	0
Zierdtviridae	0	0	0	0	0	0	0	0	0	0	0	0	0	0	0	0	0	0	0	0	0	0	0	0	0	0	0	0	8.476622581	1.247117792	0	0	0	0	0	0	0	0	0	0	0	0	0	0	0	2.841597035	0	0	0	0	0	0	0	0	0	0	0	0	0	0	0	0	0	0	0	0	0	0	0	0	0	0	0	0	0	0	0	0	0	0	0
Zobellviridae	8.450458309	10.19818928	9.451239928	9.419824466	9.965780879	10.0571915	10.23167733	10.79825015	12.26548785	13.92785572	10.8398553	11.61774767	11.74364984	10.32123316	10.48906106	10.70183118	11.12218394	10.26880314	10.43796316	11.6135681	9.937860991	11.35111503	9.16481056	11.7791904	13.78278422	10.28541581	10.50390987	8.656588229	4.604578209	2.683698514	7.450878846	7.255224813	8.824376232	6.84573504	8.43231975	9.242811738	11.03054143	9.992574436	13.16872181	11.40784906	12.47646226	9.093803264	9.287553079	12.09291979	10.11301844	10.15324693	1.635478803	8.282917132	10.21789528	10.42583552	10.23504025	4.005496618	8.606279138	10.37343153	0	0	0	2.001551908	0	0	0	0	0.706665198	0	3.104316714	1.391027266	0.499229693	7.237301917	5.805565972	7.040072254	8.508901279	7.342169407	0	8.701878627	9.261410523	2.149200066	0.562721638	3.505951422	0	0	5.542646583
Unclassified Caudoviricetes	20.0043249	20.25955607	19.57073598	19.88780607	20.1096558	20.14341154	19.3353205	19.30423863	19.52886953	21.48296689	21.48913078	20.80803025	21.25343351	20.2562548	20.11939822	20.26556067	20.66822212	19.64942256	20.39144634	21.20376106	19.09089113	20.87283573	20.461065	21.48131074	23.00188422	21.22784904	18.95534275	21.63134577	19.30064544	18.50615217	21.18807343	19.79606285	20.11130637	19.44278999	19.55596129	19.97537378	21.0269809	22.24383167	22.68000177	21.38569276	21.4444732	19.66145895	19.72700118	20.78417618	19.92892423	20.706457	20.72071398	18.96892578	20.01957485	21.59629931	20.24766897	20.0679949	20.85238264	20.66796907	13.15210969	12.11711494	12.99439842	14.3110822	13.83315424	17.05201334	12.62162736	14.80833554	14.39972704	13.60034488	13.95163648	13.14464047	12.87324465	16.14040732	15.63128028	16.02465318	16.78916248	16.26389628	13.05075176	17.19791197	15.11637777	13.31934986	15.08995417	13.42176663	12.76558246	15.23998886	15.07882986
Asfarviridae	0	0	0.054628998	2.440061448	1.270960648	3.142499179	0.477193742	1.711538374	3.160541962	2.491968345	0	5.589319356	4.389222746	0.753630559	1.860493396	0.777146747	0.756855223	0	0.439878594	0	4.335160969	3.586156234	8.368468471	5.393367991	0	0.490631378	2.951357464	0	0	0	0	0	0	0	0	0	0.909752495	0	6.268405288	4.444887442	0	0	0	0	0	0	0	0	4.01373002	9.429651017	2.993467869	0	0	0	0	0	0	0	0	0	0	0	0	0	0	0	0	0	0	0	0	0	0	0	0	0	0	0	0	0	0
Iridoviridae	8.024425755	9.247525005	7.346841927	7.386731494	8.051159202	8.225792289	6.803417925	7.228993518	8.175661359	12.95319785	11.4212793	9.275323149	8.12109094	7.722718971	8.385493138	8.180975811	8.9526706	7.968292798	9.785179276	5.339394897	8.31660724	10.77665213	7.815388595	9.376109412	9.696495707	7.197295477	6.744602916	0	4.952253116	4.780288359	4.895334897	5.700836974	4.916762843	2.546676447	5.298287399	2.932971378	12.69789799	11.20180579	3.87906266	7.59487791	9.361755949	3.48939287	5.17933708	7.598901353	5.07248354	6.679103865	8.302024557	6.19566575	11.42121247	8.085384086	10.51686416	2.676900874	5.140878001	9.386077368	0	0	0	0	0	0	0	0	0	0	0	0	0	0	0	0	0	0	0	0	0	0	0	0	0	0	0
Marseilleviridae	0	0.282692751	0.051497166	0	0	0.530049108	1.709979158	2.709555078	6.153119553	9.944244854	2.073158901	0	3.629545088	5.429076906	5.622803083	5.62188975	6.072847926	6.118408289	0.065648521	0	1.094899821	0.794802887	3.165401854	6.977552327	1.034497739	6.534690961	3.676983922	0	0	0	0	0.300446113	0	0	0	0	8.954915818	10.3643225	1.509223013	0.974570606	2.971563034	0	0	1.373936982	0	0	0	0	1.405818634	0	4.787465121	0	0	0	0	0	0	0	0	0	0	0	0	0	0	0	0	0	0	0	0	0	0	0	0	0	0	0	0	0	0
Mimiviridae	11.10564048	11.58130181	9.981067227	11.02153963	11.41012028	12.09866597	10.55608482	11.23679317	12.06467533	13.57927534	11.39241092	10.12196433	11.84881273	10.98900415	11.59702622	11.36980207	11.97104715	10.71741509	12.4099114	7.954333806	10.00493116	11.02044675	10.36823229	13.31875551	11.4219839	11.59282237	11.04239877	10.92915852	7.793476386	7.199373186	8.621689988	9.077664536	9.118452428	7.809951665	8.511249655	9.029546026	11.85786472	12.41864365	10.77585593	11.59479587	9.513122803	5.188647313	5.656397977	8.289318073	5.587085978	10.87743051	0.261960027	5.269477286	10.1150214	12.51595013	12.72711967	12.88757466	10.82594617	11.98051956	0	0	0	0	0	0	0	0	0	0	0	0	0	0	0	0	0	0	0	8.448071408	0	0	0	0	0	0	0
Phycodnaviridae	11.65945253	12.65010822	11.65561324	13.14065324	13.50218249	14.05791737	12.47410528	12.57550775	13.34237173	15.02183608	11.57651034	11.32092999	12.82721069	11.0616327	11.50624528	11.21518683	11.80064884	10.58587306	13.29104055	8.007913604	10.29427438	8.313144057	11.33068147	14.38244652	11.99165874	12.22084112	12.30826659	12.53218197	10.6487187	9.739946072	11.4671489	11.23085646	11.02174134	9.969569831	10.600461	11.74981394	13.96398262	12.3849719	10.85790771	14.04518195	11.68943443	7.286407645	8.669063191	10.69469994	8.274550961	11.92823383	8.519460634	6.268110107	7.933026663	13.51801699	14.48151869	13.52671242	10.76059304	13.71757651	0	0	0	0	0	0	0	0	0	0	0	0	0	0	0	0	0	0	0	0	0	0	0	0	0	0	0
Poxviridae	0	0	0	0	0	0	0	0	0	0	0	0	0	0	1.162425716	0	2.007583887	0.240243711	0	0	0	0	0	6.090736936	0	0	0	0	0	0	0.665786641	1.750100567	0	0	1.044109636	1.035655413	7.383005495	8.343998395	5.213236538	3.464354113	6.40943888	1.344991925	4.10738008	5.37911092	1.564263001	0	0	8.881543962	4.24475446	9.740705592	2.146261124	1.583396786	0.605729082	0	0	0	0	0	0	0	0	0	0	0	0	0	0	0	0	0	0	0	0	0	0	0	0	0	0	0	0
Unclassified_Nucleocytoviricota	10.93236202	11.72860175	10.44615524	11.32977621	11.84392061	12.6048337	10.75293626	10.72265336	11.62194474	13.64645776	12.26030557	11.52448802	10.8648371	9.525212457	10.10309739	9.915337321	10.51535941	9.13310033	12.83455857	3.37267827	6.918432808	6.594483452	10.03322637	13.08228585	12.26582212	11.24281604	10.58305981	10.18063909	7.636100433	7.138940941	8.438719653	9.261068166	8.483077199	7.616266279	7.742153214	8.426313386	12.34097088	12.70706749	11.60980819	10.80101421	10.40222409	6.162510927	6.984593229	9.349382177	6.704727931	8.549416902	0	3.218807572	9.094738286	11.94478505	11.53049799	12.32695249	10.28425834	11.3496173	0	0	0	0	2.181275686	0.060846978	1.34238863	0	0	0	0	0.214619589	0	0	0	0	0	0	0	0	1.459739963	0	0	3.069022828	8.681315234	0	0
Herpesviridae	0	0	0	0	0	0	0	0	0	0	0	0	0	0	0	0	0	0	0	0	0	0	0	0	0	0	0	0	0	0	0	0	0	0	0	0	0	0	0	6.773722383	0	0	0	0	0	0	0	0	0	5.998038865	5.443532784	0	7.026758721	6.405867274	0	0	0	0	0	0	0	0	0	0	0	0	0	0	0	0	0	0	0	0	0	0	0	0	0	0	0
Adintoviridae	8.409082778	6.99606177	5.271555022	4.00314063	6.757622034	7.440181291	7.637111914	8.913732464	10.32591136	10.52005349	1.706053721	9.442520539	9.860822954	11.29554207	12.6091896	12.20143633	13.26019964	11.62238647	7.32983006	1.661006768	6.394325093	3.137951029	4.702782093	8.491643765	0	8.343996842	8.18848835	0	0	0	0	0	0	0	0	0	0	0	10.56379099	1.814940123	7.763012555	3.992302774	6.143230732	7.172962446	5.36299944	2.342430527	0	0.798388603	0.814234191	1.453079062	2.436338888	8.872299558	7.956626916	0	0	0	0	1.718577162	0	0	0	0	0	0	0	0	0	0	0	0	0	0	7.37413839	0	0	0	0	0	0	0	0
Autolykiviridae	7.748942243	7.098520254	6.87667599	7.417253102	7.431562598	7.297175969	7.007972773	6.019320321	6.025565482	7.798384916	5.939199532	5.15840314	3.874361276	7.143320705	6.969440642	7.370809449	7.633704335	7.003840878	6.538022685	0	6.005428798	2.276752604	3.182429482	2.767470559	7.654758726	4.919017283	5.840451751	0	0	0	0	0	0	0	0	0	0	8.553784942	0	7.105388359	0	0	0	0	0	0	0	0	0.651056383	11.37378216	0	0	0	1.828423505	0	0	0	0	0	0	0	0	0	0	0	0	0	0	0	0	0	0	0	0	0	0	0	0	0	0	0
Corticoviridae	0	0.918536516	0.93036091	1.186978962	0.353842187	1.373603789	3.90884176	6.25115994	6.495262288	8.847722862	8.682861494	8.194503246	0.404541259	6.650914444	4.611185605	5.263278023	5.215547913	4.789173069	0.291007923	8.393238589	2.121358477	0.006584066	0	0.324581878	7.734437928	11.32653529	6.004533714	8.090000792	0	0.455290336	0	0	2.134046517	7.535629248	8.571329572	10.73726305	8.782304646	0	11.53471689	0	6.560116069	7.297873908	7.119582933	6.861419111	8.762975474	0	0	1.334312492	0	0	0	0	8.282443359	0	0	0	0	0	0	0	0	0	0	0	0	0	0	0	0	0	0	0	0	0	0	0	0	0	0	0	0
Lavidaviridae	12.57455487	11.96104671	10.94738654	11.45001904	11.21356514	11.34790487	9.380404424	9.480618689	10.74167857	12.19377192	11.44650043	11.66865938	11.46701756	9.957801128	10.22764278	9.854236706	10.23196462	9.215957612	12.38828282	2.730769094	7.593666391	3.138524019	11.71738775	11.84255435	10.46880924	11.74743318	8.922171184	12.98810499	9.320821934	10.20820506	11.64134007	10.41617002	10.10177346	8.12882488	8.920364154	9.387616028	11.84136319	11.12387496	12.27409748	11.63186706	11.42853074	7.522185241	9.113642597	10.37388827	8.960098856	13.34459261	4.077982603	7.269893126	9.525424164	13.11275923	11.67318346	15.70813702	12.02152378	10.66076065	0	0	0	0	0	0	0	0	0	0	0	0	0	5.365055592	4.325846648	4.569905178	4.769915809	5.424047846	0	0	0	0	0	0	0	0	5.595869965
Tectiviridae	0.193826513	7.228930462	7.245746343	7.298820092	7.223667812	7.318140943	6.504153735	6.196063502	5.756273701	6.870107078	5.052704771	0	2.318104295	2.707468538	3.294835034	2.924139708	2.117375344	2.21137292	1.268704955	0	4.006673161	0	0	0	7.727950531	0	6.051274198	0	0	0	0	0	0	0	0	0	0	0	0	0	0	0	0	0	0	0	0	0	0	0	0	0	0	0	0	0	0	0	0	0	0	0	0	0	0	0	0	0	0	0	0	0	0	0	0	0	0	0	0	0	0
Unclassified_Preplasmiviricota	8.439658593	5.667091447	4.388582036	3.937370147	3.955118917	4.864427555	3.052484407	6.305710415	6.510736104	8.468733522	2.737200831	13.61346128	8.957816404	7.604635733	8.73579498	8.527208706	9.12242857	8.004115261	10.34297665	2.248563532	3.561774623	7.64988555	7.338937562	8.039373551	8.526143968	4.508948122	6.462717666	0	6.36296471	2.75106155	7.147819273	6.552823876	7.993929032	5.399648632	6.178265064	6.734650239	6.014036633	3.049462228	13.89649845	7.549592882	4.397073362	0.829504059	0.704133645	4.063727791	1.038314793	1.533130771	0	4.229669565	0	7.292682636	3.21924203	0	0	3.585009263	0	0	0	0	0	0	0	0	0	0	0	0	0	0	0	0	0	0	0	0	0	0	0	0	0	0	0
Lipothrixviridae	0	0	0	0	0	0	0	0	0	0	5.611425759	0	1.720581042	0	0	0	0	0	0	0	0	5.186451821	4.311003542	2.154628695	11.02348502	0	0	0	0	0	0	0	0	0	0	0	0	0	0	7.950413396	0	0	0	0	0	0	0	0	0	8.406361624	6.022619756	0	0.099618208	6.826406148	0	0	0	0	0	0	0	0	0	0	0	0	0	0	0	0	0	0	0	0	0	0	0	0	0	0	0
Bicaudaviridae	0	0	0	0	0	0	0	0	0	0	0	3.157262443	7.560603315	5.873999829	6.624252174	6.205680406	7.167333862	5.566366311	0	0	0	0	8.300841	3.211277264	0	5.616491654	0	0	0	0	0	0	0	0	0	0	0	0	0	0	0	0	0	0	0	0	0	0	0	0	0	0	0	0	0	0	0	0	0	0	0	0	0	0	0	0	0	0	0	0	0	0	0	0	0	0	0	0	0	0	0
Fuselloviridae	0	0	0	0	0	0	0	0	0	0	0	0	0	0	0	0	0	0	0	0	0	0	0	0	0	0	0	0	0	0	0	0.781008027	0	0	0	0	0	0	2.602708947	0	0	0	0	2.426309149	0	0	0	0	0	5.935731132	2.252492968	5.414603534	8.977473043	2.118517141	0	0	0	0	0	0	0	0	0	0	0	0	0	0	0	0	0	0	0	0	0	0	0	0	0	0	0
Hytrosaviridae	1.236299336	2.256375586	2.930489923	4.713824467	6.930012652	8.855611003	7.643666337	7.020172331	6.890836369	5.447266296	1.242381239	4.384877556	6.121571136	3.401882364	3.069825347	3.334221663	2.462954215	2.969599076	4.847644906	0.40961901	2.225013986	1.600007546	5.613233734	8.260389267	0.313564039	3.895487989	6.394684871	0	0	0	0	0	0	0	0	0	0	0	0	0	0	0	0	0	0	0	0	0	0	0	0	0	0	0	0	0	0	0	0	0	0	0	0	0	0	0	0	0	0	0	0	0	0	0	0	0	0	0	0	0	0
Parvoviridae	0	0	0	0	0	0	0	0	0	0	0	0	0	0	0	0	0	0	0	0	0	0	0	0	0	0	0	0	0.922275789	0	7.754635668	0.941939399	0	0	0	0	0	0	3.123920698	0	0	0	0	0	0	0	0	12.3879561	0	0	0	0	0	0	0	0	0	0	0	0	0	0	0	0	0	0	0	0	0	0	0	0	0	0	0	0	0	0	0	0	0
Circoviridae	0	0	0	0	0	0	0	0	0	0	0	0	0	0	0	0	0	0	0	0	0	0	0	0	0	0	0	6.310608654	12.1891709	11.77870058	16.15763314	12.25943238	13.03683669	12.7267281	14.68751546	15.29306137	13.27402425	12.06303134	17.15005009	12.81513411	13.71176362	14.92801196	15.60311954	14.49659465	15.96804399	6.775963396	18.76800004	17.77942067	6.001864894	9.18866008	11.71374103	10.94956523	9.647032331	12.67864598	0	0	0	0	0	0	0	0	0	0	0	0	0	0	0	0	0	0	0	0	0	0	0	0	0	0	0
Geminiviridae	0	0	0	0	0	0	0	0	0	0	0	0	0	0	0	0	0	0	0	0	0	0	0	0	0	0	0	3.227232655	7.38651421	7.770135624	12.86689704	11.51692476	10.42352543	7.132204798	9.740689678	10.4507449	10.36894815	0	0.789521719	2.359943425	7.966044807	3.982353351	2.604102388	6.279666084	3.725473229	0.919910382	0	10.78479897	0	1.148405984	2.705745641	0.66940646	3.156740442	1.78287518	0	0	0	0	0	0	0	0	0	0	0	0	0	0	0	0	0	0	0	0	0	0	0	0	0	0	0
Genomoviridae	0	2.709188784	2.956187842	8.212584921	4.959424473	4.465181117	0	0	0.499624307	0	0	0	0	0	0	0	0	0	0	0	0.140511749	0	0	0	0	0	0	2.844372338	11.49807979	11.43555568	14.03067769	10.66658222	10.630478	8.848538552	7.664306184	7.937595549	2.683179891	0.037318228	9.393658706	0	7.111835801	0.551344123	1.970976917	3.178130146	1.658084608	7.652407195	0	12.26588861	0	0.209421033	0	0	0	0	0	0	0	0	0	0	0	0	0	0	0	0	0	0	0	0	0	0	0	0	0	0	0	0	0	0	0
Nanoviridae	0	0	0	0	0	0	0	0	0	0	0	0	0	0	0	0	0	0	0	0	0	0	0	0	0	0	0	8.216087888	11.62376918	9.745926129	13.63234819	10.98917744	9.904478401	12.50811818	12.61758213	14.85507147	11.14454002	10.53332983	9.917779251	10.40079697	12.70698832	14.60347088	14.61091578	14.54074431	15.66759679	8.186696851	15.72143988	14.78870117	1.633776735	6.88851266	5.590796371	4.39378356	0	11.71355757	0	0	0	0	0	0	0	0	0	0	0	0	0	0	0	0	0	0	0	0	0	0	0	0	0	0	0
Smacoviridae	0	4.824471608	2.880271405	5.386268539	6.184515592	5.945995115	4.742986167	3.965607675	4.260396228	3.848084336	6.568810949	0.050021395	0	0	0	1.164621315	1.377400077	0	2.570850879	0	3.253043642	0	0	0	3.88329451	0	2.129882913	5.90070353	10.45816508	10.73130939	11.69188932	10.96194392	8.709862364	8.822611162	9.993849996	9.957810301	7.872066059	9.865557563	13.42615328	7.771414817	10.30082338	4.957265353	6.069366887	6.594331621	6.359566421	14.15465499	10.74246329	13.07299372	9.626983698	10.52712785	14.4658445	14.50641868	13.55205446	11.67064324	0	0	0	0	0	0	0	0	0	0	0	0	0	0	0	0	0	0	0	0	0	0	0	8.059303091	0	0	0
Unclassified_Cressdnaviricota	0	0	0	0	0	0	0	0	0	0	0	0	0	0	0	0	0	0	0	0	0	0	0	0	0	0	0	3.637042669	13.42819873	10.72702196	12.22059586	8.057934749	10.11621679	10.85897719	11.03119812	10.78300715	9.118149368	10.25089565	9.051294861	10.1807766	10.52793372	11.16104721	10.68276327	10.68501381	10.67767419	12.12350224	1.619751266	11.6979002	0.305573585	0	8.522138863	8.114267382	6.360997396	9.570533015	0	0	0	0	0	0	0	0	0	0	0	0	0	0	0	0	0	0	0	0	0	0	0	0	0	0	0
Inoviridae	1.305054458	4.127071288	2.502705186	0.506156069	1.050906691	0.7895322	2.144378395	1.864799851	0	0	3.306312642	0.945685313	0	0	0	0	0	0	2.616745346	7.851377616	2.776110604	1.542256458	1.20712416	0.140977488	0	0	1.501348885	0	12.58260353	11.16618685	12.64899759	2.627517259	4.8739954	8.05883062	4.087743897	3.875825719	0	10.52955431	2.450184881	0.486342387	1.783993293	9.019280761	8.034230728	10.61149213	11.7841467	11.82564525	0	13.30219489	8.358328067	8.023964976	14.35586055	12.52402633	6.801111295	14.24027936	0	0	3.977180654	0	0	8.539351346	0.62874749	0.267215228	0	0	0	0	0	0	0	0	0	0	0	1.784316281	0	0.421052428	0	0	1.245240602	0	0
Microviridae	0	6.604363681	3.587145341	2.47366498	2.41882455	0.774840116	1.661831162	0	0.186001842	10.08204495	10.5430223	2.530727482	4.946609639	4.87250906	4.80967401	4.242665199	4.209826853	2.693554214	9.204683691	0	6.269331319	8.445718886	5.441870474	7.352425691	3.058842429	4.714381022	0.33776326	11.6810823	14.93719961	15.59168367	18.3433869	15.16364763	14.83095556	12.55245851	15.27353143	15.20119334	14.96670649	14.70533682	14.83188965	16.62911705	17.14179255	21.17211483	14.39371065	20.09245642	20.56573999	14.79595799	16.07686826	18.65461238	11.73691043	13.48721687	15.21829214	14.55718569	15.44191971	16.55034223	0	0	0	0	0	0	0	0	0	0	0	0	0	0	0	0	0	0	0	0	0	0	0	0	0	0	0
Unclassified	15.51838297	16.29272746	16.0488689	16.1054132	16.49212984	16.77140131	16.40249739	16.51493449	16.27850314	16.81111933	16.67504569	16.58574766	17.16911842	15.81853498	15.696697	15.69400744	16.044182	15.17505697	16.52039266	17.05664745	15.36385548	16.11543519	17.10773755	18.1675455	17.80127211	16.93226986	16.35247107	19.44393143	16.36531025	16.12107753	17.96056777	17.30586829	17.79633454	17.03366596	17.66611577	17.58219695	17.63025654	16.51504752	17.17533065	16.74828919	17.45329543	16.69233715	16.51279284	17.32415289	16.44096863	16.34400565	16.37296298	19.31082467	16.55118932	16.49483969	16.4770077	18.79683617	16.98644861	16.51346846	11.35394227	12.65717843	12.86389726	12.56163977	12.30595175	14.34059696	11.93069662	12.04290408	12.12868038	11.76150166	12.89775579	12.74797217	12.25836371	13.03765934	13.03519679	12.98658265	13.12595673	13.15965472	13.44156141	14.30464642	13.36723736	12.20876323	12.69039246	11.21814493	12.42573482	10.31999453	12.74231761
